[200,11,6,378,316]
[201,11,6,382,329]
[202,11,7,546,354]
[203,11,8,471,365]
[204,11,6,543,437]
[205,11,5,403,307]
[206,11,4,541,393]
[207,11,0,505,367]
[208,11,7,453,365]
[209,11,11,370,320]
[210,11,6,381,310]
[211,11,7,491,389]
[212,11,3,429,359]
[213,11,2,356,351]
[214,11,0,351,339]
[215,11,1,434,330]
[216,11,9,487,446]
[217,11,9,512,400]
[218,11,0,477,471]
[219,11,4,545,448]
[220,11,5,543,357]
[221,11,4,350,328]
[222,11,8,527,337]
[223,11,2,377,302]
[224,11,9,419,319]
[225,11,9,375,315]
[226,11,0,457,427]
[227,11,5,452,416]
[228,11,3,504,355]
[229,11,8,417,317]
[230,11,5,518,415]
[231,11,1,396,360]
[232,11,0,424,330]
[233,11,8,532,504]
[234,11,0,457,445]
[235,11,5,514,504]
[236,11,7,546,458]
[237,11,5,366,330]
[238,11,8,368,319]
[239,11,4,351,306]
[240,11,4,433,375]
[241,11,0,548,361]
[242,11,7,436,327]
[243,11,5,396,328]
[244,11,6,369,303]
[245,11,7,472,399]
[246,11,10,394,373]
[247,11,6,542,300]
[248,11,0,367,329]
[249,11,10,379,339]
[250,11,4,367,360]
[251,11,8,513,463]
[252,11,3,371,346]
[253,11,3,410,392]
[254,11,7,462,433]
[255,11,0,441,356]
[256,11,9,378,308]
[257,11,1,436,350]
[258,11,3,468,388]
[259,11,4,515,451]
[260,11,0,493,389]
[261,11,2,473,337]
[262,11,8,416,308]
[263,11,7,499,377]
[264,11,8,415,368]
[265,11,1,473,443]
[266,11,3,487,430]
[267,11,9,543,413]
[268,11,1,406,369]
[269,11,10,395,354]
[270,11,5,464,425]
[271,11,3,374,346]
[272,11,2,441,309]
[273,11,1,376,329]
[274,11,10,488,419]
[275,11,8,367,327]
[276,11,7,435,342]
[277,11,3,379,318]
[278,11,0,517,390]
[279,11,5,438,325]
[280,11,3,409,357]
[281,11,6,542,343]
[282,11,4,516,381]
[283,11,5,487,401]
[284,11,10,494,352]
[285,11,8,503,314]
[286,11,4,516,327]
[287,11,10,542,326]
[288,11,5,375,310]
[289,11,3,479,396]
[290,11,5,546,326]
[291,11,0,478,364]
[292,11,2,384,376]
[293,11,8,442,336]
[294,11,9,413,405]
[295,11,4,375,370]
[296,11,7,491,487]
[297,11,10,424,301]
[298,11,7,467,351]
[299,11,2,380,333]
[300,11,7,414,356]
[301,11,2,399,346]
[302,11,7,485,479]
[303,11,3,477,400]
[304,11,1,482,375]
[305,11,5,504,442]
[306,11,10,482,481]
[307,11,7,470,345]
[308,11,3,536,328]
[309,11,5,379,365]
[310,11,5,410,385]
[311,11,7,364,321]
[312,11,5,367,308]
[313,11,5,508,436]
[314,11,2,470,417]
[315,11,1,419,321]
[316,11,0,477,433]
[317,11,9,525,320]
[318,11,6,459,306]
[319,11,7,443,350]
[320,11,0,451,354]
[321,11,0,518,349]
[322,11,0,500,353]
[323,11,8,474,422]
[324,11,8,509,502]
[325,11,3,394,364]
[326,11,1,530,498]
[327,11,6,466,440]
[328,11,9,399,395]
[329,11,8,485,467]
[330,11,3,466,352]
[331,11,11,539,496]
[332,11,3,424,342]
[333,11,4,361,340]
[334,11,10,373,329]
[335,11,7,543,409]
[336,11,4,399,367]
[337,11,2,393,353]
[338,11,6,547,358]
[339,11,1,387,379]
[340,11,9,453,444]
[341,11,7,354,334]
[342,11,10,448,344]
[343,11,5,484,429]
[344,11,5,435,349]
[345,11,10,365,361]
[346,11,8,415,342]
[347,11,2,423,316]
[348,11,1,499,424]
[349,11,7,509,301]
[350,11,7,537,437]
[351,11,5,370,364]
[352,11,7,495,357]
[353,11,3,359,341]
[354,11,9,524,469]
[355,11,2,475,352]
[356,11,0,367,349]