[200,0,6,378,316]
[201,0,6,382,329]
[202,0,7,546,354]
[203,0,8,471,365]
[204,0,6,543,437]
[205,0,5,403,307]
[206,0,4,541,393]
[207,0,11,505,367]
[208,0,7,453,365]
[209,0,11,370,320]
[210,0,6,381,310]
[211,0,7,491,389]
[212,0,3,429,359]
[213,0,2,356,351]
[214,0,11,351,339]
[215,0,1,434,330]
[216,0,9,487,446]
[217,0,9,512,400]
[218,0,11,477,471]
[219,0,4,545,448]
[220,0,5,543,357]
[221,0,4,350,328]
[222,0,8,527,337]
[223,0,2,377,302]
[224,0,9,419,319]
[225,0,9,375,315]
[226,0,11,457,427]
[227,0,5,452,416]
[228,0,3,504,355]
[229,0,8,417,317]
[230,0,5,518,415]
[231,0,1,396,360]
[232,0,11,424,330]
[233,0,8,532,504]
[234,0,11,457,445]
[235,0,5,514,504]
[236,0,7,546,458]
[237,0,5,366,330]
[238,0,8,368,319]
[239,0,4,351,306]
[240,0,4,433,375]
[241,0,11,548,361]
[242,0,7,436,327]
[243,0,5,396,328]
[244,0,6,369,303]
[245,0,7,472,399]
[246,0,10,394,373]
[247,0,6,542,300]
[248,0,11,367,329]
[249,0,10,379,339]
[250,0,4,367,360]
[251,0,8,513,463]
[252,0,3,371,346]
[253,0,3,410,392]
[254,0,7,462,433]
[255,0,11,441,356]
[256,0,9,378,308]
[257,0,1,436,350]
[258,0,3,468,388]
[259,0,4,515,451]
[260,0,11,493,389]
[261,0,2,473,337]
[262,0,8,416,308]
[263,0,7,499,377]
[264,0,8,415,368]
[265,0,1,473,443]
[266,0,3,487,430]
[267,0,9,543,413]
[268,0,1,406,369]
[269,0,10,395,354]
[270,0,5,464,425]
[271,0,3,374,346]
[272,0,2,441,309]
[273,0,1,376,329]
[274,0,10,488,419]
[275,0,8,367,327]
[276,0,7,435,342]
[277,0,3,379,318]
[278,0,11,517,390]
[279,0,5,438,325]
[280,0,3,409,357]
[281,0,6,542,343]
[282,0,4,516,381]
[283,0,5,487,401]
[284,0,10,494,352]
[285,0,8,503,314]
[286,0,4,516,327]
[287,0,10,542,326]
[288,0,5,375,310]
[289,0,3,479,396]
[290,0,5,546,326]
[291,0,11,478,364]
[292,0,2,384,376]
[293,0,8,442,336]
[294,0,9,413,405]
[295,0,4,375,370]
[296,0,7,491,487]
[297,0,10,424,301]
[298,0,7,467,351]
[299,0,2,380,333]
[300,0,7,414,356]
[301,0,2,399,346]
[302,0,7,485,479]
[303,0,3,477,400]
[304,0,1,482,375]
[305,0,5,504,442]
[306,0,10,482,481]
[307,0,7,470,345]
[308,0,3,536,328]
[309,0,5,379,365]
[310,0,5,410,385]
[311,0,7,364,321]
[312,0,5,367,308]
[313,0,5,508,436]
[314,0,2,470,417]
[315,0,1,419,321]
[316,0,11,477,433]
[317,0,9,525,320]
[318,0,6,459,306]
[319,0,7,443,350]
[320,0,11,451,354]
[321,0,11,518,349]
[322,0,11,500,353]
[323,0,8,474,422]
[324,0,8,509,502]
[325,0,3,394,364]
[326,0,1,530,498]
[327,0,6,466,440]
[328,0,9,399,395]
[329,0,8,485,467]
[330,0,3,466,352]
[331,0,11,539,496]
[332,0,3,424,342]
[333,0,4,361,340]
[334,0,10,373,329]
[335,0,7,543,409]
[336,0,4,399,367]
[337,0,2,393,353]
[338,0,6,547,358]
[339,0,1,387,379]
[340,0,9,453,444]
[341,0,7,354,334]
[342,0,10,448,344]
[343,0,5,484,429]
[344,0,5,435,349]
[345,0,10,365,361]
[346,0,8,415,342]
[347,0,2,423,316]
[348,0,1,499,424]
[349,0,7,509,301]
[350,0,7,537,437]
[351,0,5,370,364]
[352,0,7,495,357]
[353,0,3,359,341]
[354,0,9,524,469]
[355,0,2,475,352]
[356,0,11,367,349]